Starting proceed preliminary analyse.. 
EUCLIDIAN DISTANCE 
data: [8, 16, 1, 4, 4, 1, 47, 4, 5, 72, 11, 156, 12, 3], 
consensus: [65.0, 0.0, 1.0, 1.0, 0.0, 2.0, 0.0, 0.0, 2.0, 1.0, 1.0, 13.0, 15.0, 5.0]
 => 177.11013522664365


EUCLIDIAN DISTANCE 
data: [8, 16, 1, 10, 7, 2, 52, 7, 5, 110, 15, 248, 12, 8], 
consensus: [93.0, 2.0, 2.0, 2.0, 4.0, 4.0, 6.0, 4.0, 14.0, 20.0, 11.0, 11.0, 19.0, 19.0] 
=> 272.3233372298452


EUCLIDIAN DISTANCE 
data: [0, 0, 0, 6, 3, 1, 5, 3, 0, 38, 4, 92, 0, 5], 
consensus: [4.0, 0.0, 4.0, 3.0, 3.0, 0.0, 0.0, 1.0, 0.0, 3.0, 3.0, 0.0, 0.0, 19.0]
 => 99.78476837674175


EUCLIDIAN DISTANCE 
data: [12, 2, 25, 49, 2, 16, 88, 1, 514, 49, 297, 508, 104, 18], 
consensus: [65.0, 0.0, 1.0, 1.0, 0.0, 2.0, 0.0, 0.0, 2.0, 1.0, 1.0, 13.0, 15.0, 5.0] 
=> 786.6492229704419

EUCLIDIAN DISTANCE 
data: [24, 4, 39, 137, 18, 18, 137, 2, 718, 137, 399, 547, 138, 23], 
consensus: [93.0, 2.0, 2.0, 2.0, 4.0, 4.0, 6.0, 4.0, 14.0, 20.0, 11.0, 11.0, 19.0, 19.0] 
=> 1001.6176915370455


EUCLIDIAN DISTANCE 
data: [12, 2, 14, 88, 16, 2, 49, 1, 204, 88, 102, 39, 34, 5], 
consensus: [4.0, 0.0, 4.0, 3.0, 3.0, 0.0, 0.0, 1.0, 0.0, 3.0, 3.0, 0.0, 0.0, 19.0] 
=> 267.36117893217033

Ending proceed preliminary analyse.. 
